
/*
 This file is preset tone sample.
 These data are dummy!!
*/

$<SoundFont2> = GeneralUser GS SoftSynth v1.44.sf2
$<SoundFont2> = Miaow.sf2

$@<0>
$@(PRG#001_AcousticGrandPiano) = @pm8[4 5 op1[0 0 1 0 7 0 1 1 23 25 5 0 0 0] op2[6 1 1 0 7 0 1 1 0 21 10 8 9 5] op3[0 0 1 0 2 0 0 1 22 31 3 6 5 0] op4[0 1 1 0 3 0 0 1 3 31 12 10 8 7] lfo[0 127 0 0 31 0 0 0 0]]
$@(PRG#001_AcousticGrandPiano) = @ss8[[Miaow] 44100 52330 0 0 0 0 -1 env[1 1 0 31 0 0 0 3] lfo[0 80 0 64 10 0 0 0 0 ]]
$@(PRG#001_AcousticGrandPiano) = @ct8[0 0 5 [31 31 31 31 31 31 31 31 31 31 31 31 31 31 31 31 0 0 0 0 0 0 0 0 0 0 0 0 0 0 0 0 ] env[0 1 0 31 0 0 0 15] lfo[0 127 0 0 31 0 0 0 0]]

$@(PRG#002_BrightAcousticPiano) = @ct8[0 0 5 [31 31 31 31 31 31 31 31 31 31 31 31 31 31 31 31 0 0 0 0 0 0 0 0 0 0 0 0 0 0 0 0 ] env[0 1 0 31 0 0 0 15] lfo[0 127 0 0 31 0 0 0 0]]

$@(PRG#003_ElectricGrandPiano) = @ct8[0 0 5 [31 31 31 31 31 31 31 31 31 31 31 31 31 31 31 31 0 0 0 0 0 0 0 0 0 0 0 0 0 0 0 0 ] env[0 1 0 31 0 0 0 15] lfo[0 127 0 0 31 0 0 0 0]]

$@(PRG#004_HonkyTonkPiano) = @ct8[0 0 5 [31 31 31 31 31 31 31 31 31 31 31 31 31 31 31 31 0 0 0 0 0 0 0 0 0 0 0 0 0 0 0 0 ] env[0 1 0 31 0 0 0 15] lfo[0 127 0 0 31 0 0 0 0]]

$@(PRG#005_ElectricPiano1) = @ct8[0 0 5 [31 31 31 31 31 31 31 31 31 31 31 31 31 31 31 31 0 0 0 0 0 0 0 0 0 0 0 0 0 0 0 0 ] env[0 1 0 31 0 0 0 15] lfo[0 127 0 0 31 0 0 0 0]]

$@(PRG#006_ElectricPiano2) = @ct8[0 0 5 [31 31 31 31 31 31 31 31 31 31 31 31 31 31 31 31 0 0 0 0 0 0 0 0 0 0 0 0 0 0 0 0 ] env[0 1 0 31 0 0 0 15] lfo[0 127 0 0 31 0 0 0 0]]

$@(PRG#007_Harpsichord) = @ct8[0 0 5 [31 31 31 31 31 31 31 31 31 31 31 31 31 31 31 31 0 0 0 0 0 0 0 0 0 0 0 0 0 0 0 0 ] env[0 1 0 31 0 0 0 15] lfo[0 127 0 0 31 0 0 0 0]]

$@(PRG#008_Clavinet) = @ct8[0 0 5 [31 31 31 31 31 31 31 31 31 31 31 31 31 31 31 31 0 0 0 0 0 0 0 0 0 0 0 0 0 0 0 0 ] env[0 1 0 31 0 0 0 15] lfo[0 127 0 0 31 0 0 0 0]]

$@(PRG#009_Celesta) = @ct8[0 0 5 [31 31 31 31 31 31 31 31 31 31 31 31 31 31 31 31 0 0 0 0 0 0 0 0 0 0 0 0 0 0 0 0 ] env[0 1 0 31 0 0 0 15] lfo[0 127 0 0 31 0 0 0 0]]

$@(PRG#010_Glockenspiel) = @ct8[0 0 5 [31 31 31 31 31 31 31 31 31 31 31 31 31 31 31 31 0 0 0 0 0 0 0 0 0 0 0 0 0 0 0 0 ] env[0 1 0 31 0 0 0 15] lfo[0 127 0 0 31 0 0 0 0]]

$@(PRG#011_MusicBox) = @ct8[0 0 5 [31 31 31 31 31 31 31 31 31 31 31 31 31 31 31 31 0 0 0 0 0 0 0 0 0 0 0 0 0 0 0 0 ] env[0 1 0 31 0 0 0 15] lfo[0 127 0 0 31 0 0 0 0]]

$@(PRG#012_Vibraphone) = @ct8[0 0 5 [31 31 31 31 31 31 31 31 31 31 31 31 31 31 31 31 0 0 0 0 0 0 0 0 0 0 0 0 0 0 0 0 ] env[0 1 0 31 0 0 0 15] lfo[0 127 0 0 31 0 0 0 0]]

$@(PRG#013_Marimba) = @ct8[0 0 5 [31 31 31 31 31 31 31 31 31 31 31 31 31 31 31 31 0 0 0 0 0 0 0 0 0 0 0 0 0 0 0 0 ] env[0 1 0 31 0 0 0 15] lfo[0 127 0 0 31 0 0 0 0]]

$@(PRG#014_Xylophone) = @ct8[0 0 5 [31 31 31 31 31 31 31 31 31 31 31 31 31 31 31 31 0 0 0 0 0 0 0 0 0 0 0 0 0 0 0 0 ] env[0 1 0 31 0 0 0 15] lfo[0 127 0 0 31 0 0 0 0]]

$@(PRG#015_TubularBells) = @ct8[0 0 5 [31 31 31 31 31 31 31 31 31 31 31 31 31 31 31 31 0 0 0 0 0 0 0 0 0 0 0 0 0 0 0 0 ] env[0 1 0 31 0 0 0 15] lfo[0 127 0 0 31 0 0 0 0]]

$@(PRG#016_Dulcimer) = @ct8[0 0 5 [31 31 31 31 31 31 31 31 31 31 31 31 31 31 31 31 0 0 0 0 0 0 0 0 0 0 0 0 0 0 0 0 ] env[0 1 0 31 0 0 0 15] lfo[0 127 0 0 31 0 0 0 0]]

$@(PRG#017_DrawbarOrgan) = @ct8[0 0 5 [31 31 31 31 31 31 31 31 31 31 31 31 31 31 31 31 0 0 0 0 0 0 0 0 0 0 0 0 0 0 0 0 ] env[0 1 0 31 0 0 0 15] lfo[0 127 0 0 31 0 0 0 0]]

$@(PRG#018_PercussiveOrgan) = @ct8[0 0 5 [31 31 31 31 31 31 31 31 31 31 31 31 31 31 31 31 0 0 0 0 0 0 0 0 0 0 0 0 0 0 0 0 ] env[0 1 0 31 0 0 0 15] lfo[0 127 0 0 31 0 0 0 0]]

$@(PRG#019_RockOrgan) = @ct8[0 0 5 [31 31 31 31 31 31 31 31 31 31 31 31 31 31 31 31 0 0 0 0 0 0 0 0 0 0 0 0 0 0 0 0 ] env[0 1 0 31 0 0 0 15] lfo[0 127 0 0 31 0 0 0 0]]

$@(PRG#020_ChurchOrgan) = @ct8[0 0 5 [31 31 31 31 31 31 31 31 31 31 31 31 31 31 31 31 0 0 0 0 0 0 0 0 0 0 0 0 0 0 0 0 ] env[0 1 0 31 0 0 0 15] lfo[0 127 0 0 31 0 0 0 0]]

$@(PRG#021_ReedOrgan) = @ct8[0 0 5 [31 31 31 31 31 31 31 31 31 31 31 31 31 31 31 31 0 0 0 0 0 0 0 0 0 0 0 0 0 0 0 0 ] env[0 1 0 31 0 0 0 15] lfo[0 127 0 0 31 0 0 0 0]]

$@(PRG#022_Accordion) = @ct8[0 0 5 [31 31 31 31 31 31 31 31 31 31 31 31 31 31 31 31 0 0 0 0 0 0 0 0 0 0 0 0 0 0 0 0 ] env[0 1 0 31 0 0 0 15] lfo[0 127 0 0 31 0 0 0 0]]

$@(PRG#023_Harmonica) = @ct8[0 0 5 [31 31 31 31 31 31 31 31 31 31 31 31 31 31 31 31 0 0 0 0 0 0 0 0 0 0 0 0 0 0 0 0 ] env[0 1 0 31 0 0 0 15] lfo[0 127 0 0 31 0 0 0 0]]

$@(PRG#024_TangoAccordion) = @ct8[0 0 5 [31 31 31 31 31 31 31 31 31 31 31 31 31 31 31 31 0 0 0 0 0 0 0 0 0 0 0 0 0 0 0 0 ] env[0 1 0 31 0 0 0 15] lfo[0 127 0 0 31 0 0 0 0]]

$@(PRG#025_AcousticGuitarNylon) = @ct8[0 0 5 [31 31 31 31 31 31 31 31 31 31 31 31 31 31 31 31 0 0 0 0 0 0 0 0 0 0 0 0 0 0 0 0 ] env[0 1 0 31 0 0 0 15] lfo[0 127 0 0 31 0 0 0 0]]

$@(PRG#026_AcousticGuitarSteel) = @ct8[0 0 5 [31 31 31 31 31 31 31 31 31 31 31 31 31 31 31 31 0 0 0 0 0 0 0 0 0 0 0 0 0 0 0 0 ] env[0 1 0 31 0 0 0 15] lfo[0 127 0 0 31 0 0 0 0]]

$@(PRG#027_ElectricGuitarJazz) = @ct8[0 0 5 [31 31 31 31 31 31 31 31 31 31 31 31 31 31 31 31 0 0 0 0 0 0 0 0 0 0 0 0 0 0 0 0 ] env[0 1 0 31 0 0 0 15] lfo[0 127 0 0 31 0 0 0 0]]

$@(PRG#028_ElectricGuitarClean) = @ct8[0 0 5 [31 31 31 31 31 31 31 31 31 31 31 31 31 31 31 31 0 0 0 0 0 0 0 0 0 0 0 0 0 0 0 0 ] env[0 1 0 31 0 0 0 15] lfo[0 127 0 0 31 0 0 0 0]]

$@(PRG#029_ElectricGuitarMuted) = @ct8[0 0 5 [31 31 31 31 31 31 31 31 31 31 31 31 31 31 31 31 0 0 0 0 0 0 0 0 0 0 0 0 0 0 0 0 ] env[0 1 0 31 0 0 0 15] lfo[0 127 0 0 31 0 0 0 0]]

$@(PRG#030_OverdrivenGuitar) = @ct8[0 0 5 [31 31 31 31 31 31 31 31 31 31 31 31 31 31 31 31 0 0 0 0 0 0 0 0 0 0 0 0 0 0 0 0 ] env[0 1 0 31 0 0 0 15] lfo[0 127 0 0 31 0 0 0 0]]

$@(PRG#031_DistortionGuitar) = @ct8[0 0 5 [31 31 31 31 31 31 31 31 31 31 31 31 31 31 31 31 0 0 0 0 0 0 0 0 0 0 0 0 0 0 0 0 ] env[0 1 0 31 0 0 0 15] lfo[0 127 0 0 31 0 0 0 0]]

$@(PRG#032_GuitarHarmonics) = @ct8[0 0 5 [31 31 31 31 31 31 31 31 31 31 31 31 31 31 31 31 0 0 0 0 0 0 0 0 0 0 0 0 0 0 0 0 ] env[0 1 0 31 0 0 0 15] lfo[0 127 0 0 31 0 0 0 0]]

$@(PRG#033_AcousticBass) = @ct8[0 0 5 [31 31 31 31 31 31 31 31 31 31 31 31 31 31 31 31 0 0 0 0 0 0 0 0 0 0 0 0 0 0 0 0 ] env[0 1 0 31 0 0 0 15] lfo[0 127 0 0 31 0 0 0 0]]

$@(PRG#034_ElectricBassFinger) = @ct8[0 0 5 [31 31 31 31 31 31 31 31 31 31 31 31 31 31 31 31 0 0 0 0 0 0 0 0 0 0 0 0 0 0 0 0 ] env[0 1 0 31 0 0 0 15] lfo[0 127 0 0 31 0 0 0 0]]

$@(PRG#035_ElectricBassPick) = @ct8[0 0 5 [31 31 31 31 31 31 31 31 31 31 31 31 31 31 31 31 0 0 0 0 0 0 0 0 0 0 0 0 0 0 0 0 ] env[0 1 0 31 0 0 0 15] lfo[0 127 0 0 31 0 0 0 0]]

$@(PRG#036_FretlessBass) = @ct8[0 0 5 [31 31 31 31 31 31 31 31 31 31 31 31 31 31 31 31 0 0 0 0 0 0 0 0 0 0 0 0 0 0 0 0 ] env[0 1 0 31 0 0 0 15] lfo[0 127 0 0 31 0 0 0 0]]

$@(PRG#037_SlapBass1) = @ct8[0 0 5 [31 31 31 31 31 31 31 31 31 31 31 31 31 31 31 31 0 0 0 0 0 0 0 0 0 0 0 0 0 0 0 0 ] env[0 1 0 31 0 0 0 15] lfo[0 127 0 0 31 0 0 0 0]]

$@(PRG#038_SlapBass2) = @ct8[0 0 5 [31 31 31 31 31 31 31 31 31 31 31 31 31 31 31 31 0 0 0 0 0 0 0 0 0 0 0 0 0 0 0 0 ] env[0 1 0 31 0 0 0 15] lfo[0 127 0 0 31 0 0 0 0]]

$@(PRG#039_SynthBass1) = @ct8[0 0 5 [31 31 31 31 31 31 31 31 31 31 31 31 31 31 31 31 0 0 0 0 0 0 0 0 0 0 0 0 0 0 0 0 ] env[0 1 0 31 0 0 0 15] lfo[0 127 0 0 31 0 0 0 0]]

$@(PRG#040_SynthBass2) = @ct8[0 0 5 [31 31 31 31 31 31 31 31 31 31 31 31 31 31 31 31 0 0 0 0 0 0 0 0 0 0 0 0 0 0 0 0 ] env[0 1 0 31 0 0 0 15] lfo[0 127 0 0 31 0 0 0 0]]

$@(PRG#041_Violin) = @ct8[0 0 5 [31 31 31 31 31 31 31 31 31 31 31 31 31 31 31 31 0 0 0 0 0 0 0 0 0 0 0 0 0 0 0 0 ] env[0 1 0 31 0 0 0 15] lfo[0 127 0 0 31 0 0 0 0]]

$@(PRG#042_Viola) = @ct8[0 0 5 [31 31 31 31 31 31 31 31 31 31 31 31 31 31 31 31 0 0 0 0 0 0 0 0 0 0 0 0 0 0 0 0 ] env[0 1 0 31 0 0 0 15] lfo[0 127 0 0 31 0 0 0 0]]

$@(PRG#043_Cello) = @ct8[0 0 5 [31 31 31 31 31 31 31 31 31 31 31 31 31 31 31 31 0 0 0 0 0 0 0 0 0 0 0 0 0 0 0 0 ] env[0 1 0 31 0 0 0 15] lfo[0 127 0 0 31 0 0 0 0]]

$@(PRG#044_Contrabass) = @ct8[0 0 5 [31 31 31 31 31 31 31 31 31 31 31 31 31 31 31 31 0 0 0 0 0 0 0 0 0 0 0 0 0 0 0 0 ] env[0 1 0 31 0 0 0 15] lfo[0 127 0 0 31 0 0 0 0]]

$@(PRG#045_TremoloStrings) = @ct8[0 0 5 [31 31 31 31 31 31 31 31 31 31 31 31 31 31 31 31 0 0 0 0 0 0 0 0 0 0 0 0 0 0 0 0 ] env[0 1 0 31 0 0 0 15] lfo[0 127 0 0 31 0 0 0 0]]

$@(PRG#046_PizzicatoStrings) = @ct8[0 0 5 [31 31 31 31 31 31 31 31 31 31 31 31 31 31 31 31 0 0 0 0 0 0 0 0 0 0 0 0 0 0 0 0 ] env[0 1 0 31 0 0 0 15] lfo[0 127 0 0 31 0 0 0 0]]

$@(PRG#047_OrchestralHarp) = @ct8[0 0 5 [31 31 31 31 31 31 31 31 31 31 31 31 31 31 31 31 0 0 0 0 0 0 0 0 0 0 0 0 0 0 0 0 ] env[0 1 0 31 0 0 0 15] lfo[0 127 0 0 31 0 0 0 0]]

$@(PRG#048_Timpani) = @ct8[0 0 5 [31 31 31 31 31 31 31 31 31 31 31 31 31 31 31 31 0 0 0 0 0 0 0 0 0 0 0 0 0 0 0 0 ] env[0 1 0 31 0 0 0 15] lfo[0 127 0 0 31 0 0 0 0]]

$@(PRG#049_StringEnsemble1) = @ct8[0 0 5 [31 31 31 31 31 31 31 31 31 31 31 31 31 31 31 31 0 0 0 0 0 0 0 0 0 0 0 0 0 0 0 0 ] env[0 1 0 31 0 0 0 15] lfo[0 127 0 0 31 0 0 0 0]]

$@(PRG#050_StringEnsemble2) = @ct8[0 0 5 [31 31 31 31 31 31 31 31 31 31 31 31 31 31 31 31 0 0 0 0 0 0 0 0 0 0 0 0 0 0 0 0 ] env[0 1 0 31 0 0 0 15] lfo[0 127 0 0 31 0 0 0 0]]

$@(PRG#051_SynthStrings1) = @ct8[0 0 5 [31 31 31 31 31 31 31 31 31 31 31 31 31 31 31 31 0 0 0 0 0 0 0 0 0 0 0 0 0 0 0 0 ] env[0 1 0 31 0 0 0 15] lfo[0 127 0 0 31 0 0 0 0]]

$@(PRG#052_SynthStrings2) = @ct8[0 0 5 [31 31 31 31 31 31 31 31 31 31 31 31 31 31 31 31 0 0 0 0 0 0 0 0 0 0 0 0 0 0 0 0 ] env[0 1 0 31 0 0 0 15] lfo[0 127 0 0 31 0 0 0 0]]

$@(PRG#053_ChoirAahs) = @ct8[0 0 5 [31 31 31 31 31 31 31 31 31 31 31 31 31 31 31 31 0 0 0 0 0 0 0 0 0 0 0 0 0 0 0 0 ] env[0 1 0 31 0 0 0 15] lfo[0 127 0 0 31 0 0 0 0]]

$@(PRG#054_VoiceOohs) = @ct8[0 0 5 [31 31 31 31 31 31 31 31 31 31 31 31 31 31 31 31 0 0 0 0 0 0 0 0 0 0 0 0 0 0 0 0 ] env[0 1 0 31 0 0 0 15] lfo[0 127 0 0 31 0 0 0 0]]

$@(PRG#055_SynthVoice) = @ct8[0 0 5 [31 31 31 31 31 31 31 31 31 31 31 31 31 31 31 31 0 0 0 0 0 0 0 0 0 0 0 0 0 0 0 0 ] env[0 1 0 31 0 0 0 15] lfo[0 127 0 0 31 0 0 0 0]]

$@(PRG#056_OrchestraHit) = @ct8[0 0 5 [31 31 31 31 31 31 31 31 31 31 31 31 31 31 31 31 0 0 0 0 0 0 0 0 0 0 0 0 0 0 0 0 ] env[0 1 0 31 0 0 0 15] lfo[0 127 0 0 31 0 0 0 0]]

$@(PRG#057_Trumpet) = @ct8[0 0 5 [31 31 31 31 31 31 31 31 31 31 31 31 31 31 31 31 0 0 0 0 0 0 0 0 0 0 0 0 0 0 0 0 ] env[0 1 0 31 0 0 0 15] lfo[0 127 0 0 31 0 0 0 0]]

$@(PRG#058_Trombone) = @ct8[0 0 5 [31 31 31 31 31 31 31 31 31 31 31 31 31 31 31 31 0 0 0 0 0 0 0 0 0 0 0 0 0 0 0 0 ] env[0 1 0 31 0 0 0 15] lfo[0 127 0 0 31 0 0 0 0]]

$@(PRG#059_Tuba) = @ct8[0 0 5 [31 31 31 31 31 31 31 31 31 31 31 31 31 31 31 31 0 0 0 0 0 0 0 0 0 0 0 0 0 0 0 0 ] env[0 1 0 31 0 0 0 15] lfo[0 127 0 0 31 0 0 0 0]]

$@(PRG#060_MutedTrumpet) = @ct8[0 0 5 [31 31 31 31 31 31 31 31 31 31 31 31 31 31 31 31 0 0 0 0 0 0 0 0 0 0 0 0 0 0 0 0 ] env[0 1 0 31 0 0 0 15] lfo[0 127 0 0 31 0 0 0 0]]

$@(PRG#061_FrenchHorn) = @ct8[0 0 5 [31 31 31 31 31 31 31 31 31 31 31 31 31 31 31 31 0 0 0 0 0 0 0 0 0 0 0 0 0 0 0 0 ] env[0 1 0 31 0 0 0 15] lfo[0 127 0 0 31 0 0 0 0]]

$@(PRG#062_BrassSection) = @ct8[0 0 5 [31 31 31 31 31 31 31 31 31 31 31 31 31 31 31 31 0 0 0 0 0 0 0 0 0 0 0 0 0 0 0 0 ] env[0 1 0 31 0 0 0 15] lfo[0 127 0 0 31 0 0 0 0]]

$@(PRG#063_SynthBrass1) = @ct8[0 0 5 [31 31 31 31 31 31 31 31 31 31 31 31 31 31 31 31 0 0 0 0 0 0 0 0 0 0 0 0 0 0 0 0 ] env[0 1 0 31 0 0 0 15] lfo[0 127 0 0 31 0 0 0 0]]

$@(PRG#064_SynthBrass2) = @ct8[0 0 5 [31 31 31 31 31 31 31 31 31 31 31 31 31 31 31 31 0 0 0 0 0 0 0 0 0 0 0 0 0 0 0 0 ] env[0 1 0 31 0 0 0 15] lfo[0 127 0 0 31 0 0 0 0]]

$@(PRG#065_SopranoSax) = @ct8[0 0 5 [31 31 31 31 31 31 31 31 31 31 31 31 31 31 31 31 0 0 0 0 0 0 0 0 0 0 0 0 0 0 0 0 ] env[0 1 0 31 0 0 0 15] lfo[0 127 0 0 31 0 0 0 0]]

$@(PRG#066_AltoSax) = @ct8[0 0 5 [31 31 31 31 31 31 31 31 31 31 31 31 31 31 31 31 0 0 0 0 0 0 0 0 0 0 0 0 0 0 0 0 ] env[0 1 0 31 0 0 0 15] lfo[0 127 0 0 31 0 0 0 0]]

$@(PRG#067_TenorSax) = @ct8[0 0 5 [31 31 31 31 31 31 31 31 31 31 31 31 31 31 31 31 0 0 0 0 0 0 0 0 0 0 0 0 0 0 0 0 ] env[0 1 0 31 0 0 0 15] lfo[0 127 0 0 31 0 0 0 0]]

$@(PRG#068_BaritoneSax) = @ct8[0 0 5 [31 31 31 31 31 31 31 31 31 31 31 31 31 31 31 31 0 0 0 0 0 0 0 0 0 0 0 0 0 0 0 0 ] env[0 1 0 31 0 0 0 15] lfo[0 127 0 0 31 0 0 0 0]]

$@(PRG#069_Oboe) = @ct8[0 0 5 [31 31 31 31 31 31 31 31 31 31 31 31 31 31 31 31 0 0 0 0 0 0 0 0 0 0 0 0 0 0 0 0 ] env[0 1 0 31 0 0 0 15] lfo[0 127 0 0 31 0 0 0 0]]

$@(PRG#070_EnglishHorn) = @ct8[0 0 5 [31 31 31 31 31 31 31 31 31 31 31 31 31 31 31 31 0 0 0 0 0 0 0 0 0 0 0 0 0 0 0 0 ] env[0 1 0 31 0 0 0 15] lfo[0 127 0 0 31 0 0 0 0]]

$@(PRG#071_Bassoon) = @ct8[0 0 5 [31 31 31 31 31 31 31 31 31 31 31 31 31 31 31 31 0 0 0 0 0 0 0 0 0 0 0 0 0 0 0 0 ] env[0 1 0 31 0 0 0 15] lfo[0 127 0 0 31 0 0 0 0]]

$@(PRG#072_Clarinet) = @ct8[0 0 5 [31 31 31 31 31 31 31 31 31 31 31 31 31 31 31 31 0 0 0 0 0 0 0 0 0 0 0 0 0 0 0 0 ] env[0 1 0 31 0 0 0 15] lfo[0 127 0 0 31 0 0 0 0]]

$@(PRG#073_Piccolo) = @ct8[0 0 5 [31 31 31 31 31 31 31 31 31 31 31 31 31 31 31 31 0 0 0 0 0 0 0 0 0 0 0 0 0 0 0 0 ] env[0 1 0 31 0 0 0 15] lfo[0 127 0 0 31 0 0 0 0]]

$@(PRG#074_Flute) = @ct8[0 0 5 [31 31 31 31 31 31 31 31 31 31 31 31 31 31 31 31 0 0 0 0 0 0 0 0 0 0 0 0 0 0 0 0 ] env[0 1 0 31 0 0 0 15] lfo[0 127 0 0 31 0 0 0 0]]

$@(PRG#075_Recorder) = @ct8[0 0 5 [31 31 31 31 31 31 31 31 31 31 31 31 31 31 31 31 0 0 0 0 0 0 0 0 0 0 0 0 0 0 0 0 ] env[0 1 0 31 0 0 0 15] lfo[0 127 0 0 31 0 0 0 0]]

$@(PRG#076_PanFlute) = @ct8[0 0 5 [31 31 31 31 31 31 31 31 31 31 31 31 31 31 31 31 0 0 0 0 0 0 0 0 0 0 0 0 0 0 0 0 ] env[0 1 0 31 0 0 0 15] lfo[0 127 0 0 31 0 0 0 0]]

$@(PRG#077_BlownBottle) = @ct8[0 0 5 [31 31 31 31 31 31 31 31 31 31 31 31 31 31 31 31 0 0 0 0 0 0 0 0 0 0 0 0 0 0 0 0 ] env[0 1 0 31 0 0 0 15] lfo[0 127 0 0 31 0 0 0 0]]

$@(PRG#078_Shakuhachi) = @ct8[0 0 5 [31 31 31 31 31 31 31 31 31 31 31 31 31 31 31 31 0 0 0 0 0 0 0 0 0 0 0 0 0 0 0 0 ] env[0 1 0 31 0 0 0 15] lfo[0 127 0 0 31 0 0 0 0]]

$@(PRG#079_Whistle) = @ct8[0 0 5 [31 31 31 31 31 31 31 31 31 31 31 31 31 31 31 31 0 0 0 0 0 0 0 0 0 0 0 0 0 0 0 0 ] env[0 1 0 31 0 0 0 15] lfo[0 127 0 0 31 0 0 0 0]]

$@(PRG#080_Ocarina) = @ct8[0 0 5 [31 31 31 31 31 31 31 31 31 31 31 31 31 31 31 31 0 0 0 0 0 0 0 0 0 0 0 0 0 0 0 0 ] env[0 1 0 31 0 0 0 15] lfo[0 127 0 0 31 0 0 0 0]]

$@(PRG#081_Lead1Square) = @ct8[0 0 5 [31 31 31 31 31 31 31 31 31 31 31 31 31 31 31 31 0 0 0 0 0 0 0 0 0 0 0 0 0 0 0 0 ] env[0 1 0 31 0 0 0 15] lfo[0 127 0 0 31 0 0 0 0]]

$@(PRG#082_Lead2Sawtooth) = @ct8[0 0 5 [31 31 31 31 31 31 31 31 31 31 31 31 31 31 31 31 0 0 0 0 0 0 0 0 0 0 0 0 0 0 0 0 ] env[0 1 0 31 0 0 0 15] lfo[0 127 0 0 31 0 0 0 0]]

$@(PRG#083_Lead3Calliope) = @ct8[0 0 5 [31 31 31 31 31 31 31 31 31 31 31 31 31 31 31 31 0 0 0 0 0 0 0 0 0 0 0 0 0 0 0 0 ] env[0 1 0 31 0 0 0 15] lfo[0 127 0 0 31 0 0 0 0]]

$@(PRG#084_Lead4Chiff) = @ct8[0 0 5 [31 31 31 31 31 31 31 31 31 31 31 31 31 31 31 31 0 0 0 0 0 0 0 0 0 0 0 0 0 0 0 0 ] env[0 1 0 31 0 0 0 15] lfo[0 127 0 0 31 0 0 0 0]]

$@(PRG#085_Lead5Charang) = @ct8[0 0 5 [31 31 31 31 31 31 31 31 31 31 31 31 31 31 31 31 0 0 0 0 0 0 0 0 0 0 0 0 0 0 0 0 ] env[0 1 0 31 0 0 0 15] lfo[0 127 0 0 31 0 0 0 0]]

$@(PRG#086_Lead6Voice) = @ct8[0 0 5 [31 31 31 31 31 31 31 31 31 31 31 31 31 31 31 31 0 0 0 0 0 0 0 0 0 0 0 0 0 0 0 0 ] env[0 1 0 31 0 0 0 15] lfo[0 127 0 0 31 0 0 0 0]]

$@(PRG#087_Lead7Fifths) = @ct8[0 0 5 [31 31 31 31 31 31 31 31 31 31 31 31 31 31 31 31 0 0 0 0 0 0 0 0 0 0 0 0 0 0 0 0 ] env[0 1 0 31 0 0 0 15] lfo[0 127 0 0 31 0 0 0 0]]

$@(PRG#088_Lead8BassAndLead) = @ct8[0 0 5 [31 31 31 31 31 31 31 31 31 31 31 31 31 31 31 31 0 0 0 0 0 0 0 0 0 0 0 0 0 0 0 0 ] env[0 1 0 31 0 0 0 15] lfo[0 127 0 0 31 0 0 0 0]]

$@(PRG#089_Pad1NewAge) = @ct8[0 0 5 [31 31 31 31 31 31 31 31 31 31 31 31 31 31 31 31 0 0 0 0 0 0 0 0 0 0 0 0 0 0 0 0 ] env[0 1 0 31 0 0 0 15] lfo[0 127 0 0 31 0 0 0 0]]

$@(PRG#090_Pad2Warm) = @ct8[0 0 5 [31 31 31 31 31 31 31 31 31 31 31 31 31 31 31 31 0 0 0 0 0 0 0 0 0 0 0 0 0 0 0 0 ] env[0 1 0 31 0 0 0 15] lfo[0 127 0 0 31 0 0 0 0]]

$@(PRG#091_Pad3Polysynth) = @ct8[0 0 5 [31 31 31 31 31 31 31 31 31 31 31 31 31 31 31 31 0 0 0 0 0 0 0 0 0 0 0 0 0 0 0 0 ] env[0 1 0 31 0 0 0 15] lfo[0 127 0 0 31 0 0 0 0]]

$@(PRG#092_Pad4Choir) = @ct8[0 0 5 [31 31 31 31 31 31 31 31 31 31 31 31 31 31 31 31 0 0 0 0 0 0 0 0 0 0 0 0 0 0 0 0 ] env[0 1 0 31 0 0 0 15] lfo[0 127 0 0 31 0 0 0 0]]

$@(PRG#093_Pad5Bowed) = @ct8[0 0 5 [31 31 31 31 31 31 31 31 31 31 31 31 31 31 31 31 0 0 0 0 0 0 0 0 0 0 0 0 0 0 0 0 ] env[0 1 0 31 0 0 0 15] lfo[0 127 0 0 31 0 0 0 0]]

$@(PRG#094_Pad6Metallic) = @ct8[0 0 5 [31 31 31 31 31 31 31 31 31 31 31 31 31 31 31 31 0 0 0 0 0 0 0 0 0 0 0 0 0 0 0 0 ] env[0 1 0 31 0 0 0 15] lfo[0 127 0 0 31 0 0 0 0]]

$@(PRG#095_Pad7Halo) = @ct8[0 0 5 [31 31 31 31 31 31 31 31 31 31 31 31 31 31 31 31 0 0 0 0 0 0 0 0 0 0 0 0 0 0 0 0 ] env[0 1 0 31 0 0 0 15] lfo[0 127 0 0 31 0 0 0 0]]

$@(PRG#096_Pad8Sweep) = @ct8[0 0 5 [31 31 31 31 31 31 31 31 31 31 31 31 31 31 31 31 0 0 0 0 0 0 0 0 0 0 0 0 0 0 0 0 ] env[0 1 0 31 0 0 0 15] lfo[0 127 0 0 31 0 0 0 0]]

$@(PRG#097_Fx1Rain) = @ct8[0 0 5 [31 31 31 31 31 31 31 31 31 31 31 31 31 31 31 31 0 0 0 0 0 0 0 0 0 0 0 0 0 0 0 0 ] env[0 1 0 31 0 0 0 15] lfo[0 127 0 0 31 0 0 0 0]]

$@(PRG#098_Fx2Soundtrack) = @ct8[0 0 5 [31 31 31 31 31 31 31 31 31 31 31 31 31 31 31 31 0 0 0 0 0 0 0 0 0 0 0 0 0 0 0 0 ] env[0 1 0 31 0 0 0 15] lfo[0 127 0 0 31 0 0 0 0]]

$@(PRG#099_Fx3Crystal) = @ct8[0 0 5 [31 31 31 31 31 31 31 31 31 31 31 31 31 31 31 31 0 0 0 0 0 0 0 0 0 0 0 0 0 0 0 0 ] env[0 1 0 31 0 0 0 15] lfo[0 127 0 0 31 0 0 0 0]]

$@(PRG#100_Fx4Atmosphere) = @ct8[0 0 5 [31 31 31 31 31 31 31 31 31 31 31 31 31 31 31 31 0 0 0 0 0 0 0 0 0 0 0 0 0 0 0 0 ] env[0 1 0 31 0 0 0 15] lfo[0 127 0 0 31 0 0 0 0]]

$@(PRG#101_Fx5Brightness) = @ct8[0 0 5 [31 31 31 31 31 31 31 31 31 31 31 31 31 31 31 31 0 0 0 0 0 0 0 0 0 0 0 0 0 0 0 0 ] env[0 1 0 31 0 0 0 15] lfo[0 127 0 0 31 0 0 0 0]]

$@(PRG#102_Fx6Goblins) = @ct8[0 0 5 [31 31 31 31 31 31 31 31 31 31 31 31 31 31 31 31 0 0 0 0 0 0 0 0 0 0 0 0 0 0 0 0 ] env[0 1 0 31 0 0 0 15] lfo[0 127 0 0 31 0 0 0 0]]

$@(PRG#103_Fx7Echoes) = @ct8[0 0 5 [31 31 31 31 31 31 31 31 31 31 31 31 31 31 31 31 0 0 0 0 0 0 0 0 0 0 0 0 0 0 0 0 ] env[0 1 0 31 0 0 0 15] lfo[0 127 0 0 31 0 0 0 0]]

$@(PRG#104_Fx8SciFi) = @ct8[0 0 5 [31 31 31 31 31 31 31 31 31 31 31 31 31 31 31 31 0 0 0 0 0 0 0 0 0 0 0 0 0 0 0 0 ] env[0 1 0 31 0 0 0 15] lfo[0 127 0 0 31 0 0 0 0]]

$@(PRG#105_Sitar) = @ct8[0 0 5 [31 31 31 31 31 31 31 31 31 31 31 31 31 31 31 31 0 0 0 0 0 0 0 0 0 0 0 0 0 0 0 0 ] env[0 1 0 31 0 0 0 15] lfo[0 127 0 0 31 0 0 0 0]]

$@(PRG#106_Banjo) = @ct8[0 0 5 [31 31 31 31 31 31 31 31 31 31 31 31 31 31 31 31 0 0 0 0 0 0 0 0 0 0 0 0 0 0 0 0 ] env[0 1 0 31 0 0 0 15] lfo[0 127 0 0 31 0 0 0 0]]

$@(PRG#107_Shamisen) = @ct8[0 0 5 [31 31 31 31 31 31 31 31 31 31 31 31 31 31 31 31 0 0 0 0 0 0 0 0 0 0 0 0 0 0 0 0 ] env[0 1 0 31 0 0 0 15] lfo[0 127 0 0 31 0 0 0 0]]

$@(PRG#108_Koto) = @ct8[0 0 5 [31 31 31 31 31 31 31 31 31 31 31 31 31 31 31 31 0 0 0 0 0 0 0 0 0 0 0 0 0 0 0 0 ] env[0 1 0 31 0 0 0 15] lfo[0 127 0 0 31 0 0 0 0]]

$@(PRG#109_Kalimba) = @ct8[0 0 5 [31 31 31 31 31 31 31 31 31 31 31 31 31 31 31 31 0 0 0 0 0 0 0 0 0 0 0 0 0 0 0 0 ] env[0 1 0 31 0 0 0 15] lfo[0 127 0 0 31 0 0 0 0]]

$@(PRG#110_BagPipe) = @ct8[0 0 5 [31 31 31 31 31 31 31 31 31 31 31 31 31 31 31 31 0 0 0 0 0 0 0 0 0 0 0 0 0 0 0 0 ] env[0 1 0 31 0 0 0 15] lfo[0 127 0 0 31 0 0 0 0]]

$@(PRG#111_Fiddle) = @ct8[0 0 5 [31 31 31 31 31 31 31 31 31 31 31 31 31 31 31 31 0 0 0 0 0 0 0 0 0 0 0 0 0 0 0 0 ] env[0 1 0 31 0 0 0 15] lfo[0 127 0 0 31 0 0 0 0]]

$@(PRG#112_Shanai) = @ct8[0 0 5 [31 31 31 31 31 31 31 31 31 31 31 31 31 31 31 31 0 0 0 0 0 0 0 0 0 0 0 0 0 0 0 0 ] env[0 1 0 31 0 0 0 15] lfo[0 127 0 0 31 0 0 0 0]]

$@(PRG#113_TinkleBell) = @ct8[0 0 5 [31 31 31 31 31 31 31 31 31 31 31 31 31 31 31 31 0 0 0 0 0 0 0 0 0 0 0 0 0 0 0 0 ] env[0 1 0 31 0 0 0 15] lfo[0 127 0 0 31 0 0 0 0]]

$@(PRG#114_Agogo) = @ct8[0 0 5 [31 31 31 31 31 31 31 31 31 31 31 31 31 31 31 31 0 0 0 0 0 0 0 0 0 0 0 0 0 0 0 0 ] env[0 1 0 31 0 0 0 15] lfo[0 127 0 0 31 0 0 0 0]]

$@(PRG#115_SteelDrums) = @ct8[0 0 5 [31 31 31 31 31 31 31 31 31 31 31 31 31 31 31 31 0 0 0 0 0 0 0 0 0 0 0 0 0 0 0 0 ] env[0 1 0 31 0 0 0 15] lfo[0 127 0 0 31 0 0 0 0]]

$@(PRG#116_Woodblock) = @ct8[0 0 5 [31 31 31 31 31 31 31 31 31 31 31 31 31 31 31 31 0 0 0 0 0 0 0 0 0 0 0 0 0 0 0 0 ] env[0 1 0 31 0 0 0 15] lfo[0 127 0 0 31 0 0 0 0]]

$@(PRG#117_TaikoDrum) = @ct8[0 0 5 [31 31 31 31 31 31 31 31 31 31 31 31 31 31 31 31 0 0 0 0 0 0 0 0 0 0 0 0 0 0 0 0 ] env[0 1 0 31 0 0 0 15] lfo[0 127 0 0 31 0 0 0 0]]

$@(PRG#118_MelodicTom) = @ct8[0 0 5 [31 31 31 31 31 31 31 31 31 31 31 31 31 31 31 31 0 0 0 0 0 0 0 0 0 0 0 0 0 0 0 0 ] env[0 1 0 31 0 0 0 15] lfo[0 127 0 0 31 0 0 0 0]]

$@(PRG#119_SynthDrum) = @ct8[0 0 5 [31 31 31 31 31 31 31 31 31 31 31 31 31 31 31 31 0 0 0 0 0 0 0 0 0 0 0 0 0 0 0 0 ] env[0 1 0 31 0 0 0 15] lfo[0 127 0 0 31 0 0 0 0]]

$@(PRG#120_ReverseCymbal) = @ct8[0 0 5 [31 31 31 31 31 31 31 31 31 31 31 31 31 31 31 31 0 0 0 0 0 0 0 0 0 0 0 0 0 0 0 0 ] env[0 1 0 31 0 0 0 15] lfo[0 127 0 0 31 0 0 0 0]]

$@(PRG#121_GuitarFretNoise) = @ct8[0 0 5 [31 31 31 31 31 31 31 31 31 31 31 31 31 31 31 31 0 0 0 0 0 0 0 0 0 0 0 0 0 0 0 0 ] env[0 1 0 31 0 0 0 15] lfo[0 127 0 0 31 0 0 0 0]]

$@(PRG#122_BreathNoise) = @ct8[0 0 5 [31 31 31 31 31 31 31 31 31 31 31 31 31 31 31 31 0 0 0 0 0 0 0 0 0 0 0 0 0 0 0 0 ] env[0 1 0 31 0 0 0 15] lfo[0 127 0 0 31 0 0 0 0]]

$@(PRG#123_Seashore) = @ct8[0 0 5 [31 31 31 31 31 31 31 31 31 31 31 31 31 31 31 31 0 0 0 0 0 0 0 0 0 0 0 0 0 0 0 0 ] env[0 1 0 31 0 0 0 15] lfo[0 127 0 0 31 0 0 0 0]]

$@(PRG#124_BirdTweet) = @ct8[0 0 5 [31 31 31 31 31 31 31 31 31 31 31 31 31 31 31 31 0 0 0 0 0 0 0 0 0 0 0 0 0 0 0 0 ] env[0 1 0 31 0 0 0 15] lfo[0 127 0 0 31 0 0 0 0]]

$@(PRG#125_TelephoneRing) = @ct8[0 0 5 [31 31 31 31 31 31 31 31 31 31 31 31 31 31 31 31 0 0 0 0 0 0 0 0 0 0 0 0 0 0 0 0 ] env[0 1 0 31 0 0 0 15] lfo[0 127 0 0 31 0 0 0 0]]

$@(PRG#126_Helicopter) = @ct8[0 0 5 [31 31 31 31 31 31 31 31 31 31 31 31 31 31 31 31 0 0 0 0 0 0 0 0 0 0 0 0 0 0 0 0 ] env[0 1 0 31 0 0 0 15] lfo[0 127 0 0 31 0 0 0 0]]

$@(PRG#127_Applause) = @ct8[0 0 5 [31 31 31 31 31 31 31 31 31 31 31 31 31 31 31 31 0 0 0 0 0 0 0 0 0 0 0 0 0 0 0 0 ] env[0 1 0 31 0 0 0 15] lfo[0 127 0 0 31 0 0 0 0]]

$@(PRG#128_Gunshot) = @ct8[0 0 5 [31 31 31 31 31 31 31 31 31 31 31 31 31 31 31 31 0 0 0 0 0 0 0 0 0 0 0 0 0 0 0 0 ] env[0 1 0 31 0 0 0 15] lfo[0 127 0 0 31 0 0 0 0]]


$@<128, 35>

$@(DRM#035_AcousticBassDrum) = @ct8[0 0 5 [31 31 31 31 31 31 31 31 31 31 31 31 31 31 31 31 0 0 0 0 0 0 0 0 0 0 0 0 0 0 0 0 ] env[0 1 0 31 0 0 0 15] lfo[0 127 0 0 31 0 0 0 0]]

$@(DRM#036_BassDrum) = @ct8[0 0 5 [31 31 31 31 31 31 31 31 31 31 31 31 31 31 31 31 0 0 0 0 0 0 0 0 0 0 0 0 0 0 0 0 ] env[0 1 0 31 0 0 0 15] lfo[0 127 0 0 31 0 0 0 0]]

$@(DRM#037_SideStick) = @ct8[0 0 5 [31 31 31 31 31 31 31 31 31 31 31 31 31 31 31 31 0 0 0 0 0 0 0 0 0 0 0 0 0 0 0 0 ] env[0 1 0 31 0 0 0 15] lfo[0 127 0 0 31 0 0 0 0]]

$@(DRM#038_AcousticSnare) = @ct8[0 0 5 [31 31 31 31 31 31 31 31 31 31 31 31 31 31 31 31 0 0 0 0 0 0 0 0 0 0 0 0 0 0 0 0 ] env[0 1 0 31 0 0 0 15] lfo[0 127 0 0 31 0 0 0 0]]

$@(DRM#039_HandClap) = @ct8[0 0 5 [31 31 31 31 31 31 31 31 31 31 31 31 31 31 31 31 0 0 0 0 0 0 0 0 0 0 0 0 0 0 0 0 ] env[0 1 0 31 0 0 0 15] lfo[0 127 0 0 31 0 0 0 0]]

$@(DRM#040_ElectricSnare) = @ct8[0 0 5 [31 31 31 31 31 31 31 31 31 31 31 31 31 31 31 31 0 0 0 0 0 0 0 0 0 0 0 0 0 0 0 0 ] env[0 1 0 31 0 0 0 15] lfo[0 127 0 0 31 0 0 0 0]]

$@(DRM#041_LowFloorTom) = @ct8[0 0 5 [31 31 31 31 31 31 31 31 31 31 31 31 31 31 31 31 0 0 0 0 0 0 0 0 0 0 0 0 0 0 0 0 ] env[0 1 0 31 0 0 0 15] lfo[0 127 0 0 31 0 0 0 0]]

$@(DRM#042_ClosedHigh-Hat) = @ct8[0 0 5 [31 31 31 31 31 31 31 31 31 31 31 31 31 31 31 31 0 0 0 0 0 0 0 0 0 0 0 0 0 0 0 0 ] env[0 1 0 31 0 0 0 15] lfo[0 127 0 0 31 0 0 0 0]]

$@(DRM#043_HighFloorTom) = @ct8[0 0 5 [31 31 31 31 31 31 31 31 31 31 31 31 31 31 31 31 0 0 0 0 0 0 0 0 0 0 0 0 0 0 0 0 ] env[0 1 0 31 0 0 0 15] lfo[0 127 0 0 31 0 0 0 0]]

$@(DRM#044_PedalHighHat) = @ct8[0 0 5 [31 31 31 31 31 31 31 31 31 31 31 31 31 31 31 31 0 0 0 0 0 0 0 0 0 0 0 0 0 0 0 0 ] env[0 1 0 31 0 0 0 15] lfo[0 127 0 0 31 0 0 0 0]]

$@(DRM#045_LowTom) = @ct8[0 0 5 [31 31 31 31 31 31 31 31 31 31 31 31 31 31 31 31 0 0 0 0 0 0 0 0 0 0 0 0 0 0 0 0 ] env[0 1 0 31 0 0 0 15] lfo[0 127 0 0 31 0 0 0 0]]

$@(DRM#046_OpenHigh-Hat) = @ct8[0 0 5 [31 31 31 31 31 31 31 31 31 31 31 31 31 31 31 31 0 0 0 0 0 0 0 0 0 0 0 0 0 0 0 0 ] env[0 1 0 31 0 0 0 15] lfo[0 127 0 0 31 0 0 0 0]]

$@(DRM#047_Low-MidTom) = @ct8[0 0 5 [31 31 31 31 31 31 31 31 31 31 31 31 31 31 31 31 0 0 0 0 0 0 0 0 0 0 0 0 0 0 0 0 ] env[0 1 0 31 0 0 0 15] lfo[0 127 0 0 31 0 0 0 0]]

$@(DRM#048_High-MidTom) = @ct8[0 0 5 [31 31 31 31 31 31 31 31 31 31 31 31 31 31 31 31 0 0 0 0 0 0 0 0 0 0 0 0 0 0 0 0 ] env[0 1 0 31 0 0 0 15] lfo[0 127 0 0 31 0 0 0 0]]

$@(DRM#049_CrashSymbal1) = @ct8[0 0 5 [31 31 31 31 31 31 31 31 31 31 31 31 31 31 31 31 0 0 0 0 0 0 0 0 0 0 0 0 0 0 0 0 ] env[0 1 0 31 0 0 0 15] lfo[0 127 0 0 31 0 0 0 0]]

$@(DRM#050_HighTom) = @ct8[0 0 5 [31 31 31 31 31 31 31 31 31 31 31 31 31 31 31 31 0 0 0 0 0 0 0 0 0 0 0 0 0 0 0 0 ] env[0 1 0 31 0 0 0 15] lfo[0 127 0 0 31 0 0 0 0]]

$@(DRM#051_RideSymbal1) = @ct8[0 0 5 [31 31 31 31 31 31 31 31 31 31 31 31 31 31 31 31 0 0 0 0 0 0 0 0 0 0 0 0 0 0 0 0 ] env[0 1 0 31 0 0 0 15] lfo[0 127 0 0 31 0 0 0 0]]

$@(DRM#052_ChineseSymbal) = @ct8[0 0 5 [31 31 31 31 31 31 31 31 31 31 31 31 31 31 31 31 0 0 0 0 0 0 0 0 0 0 0 0 0 0 0 0 ] env[0 1 0 31 0 0 0 15] lfo[0 127 0 0 31 0 0 0 0]]

$@(DRM#053_RideBell) = @ct8[0 0 5 [31 31 31 31 31 31 31 31 31 31 31 31 31 31 31 31 0 0 0 0 0 0 0 0 0 0 0 0 0 0 0 0 ] env[0 1 0 31 0 0 0 15] lfo[0 127 0 0 31 0 0 0 0]]

$@(DRM#054_Tambourine) = @ct8[0 0 5 [31 31 31 31 31 31 31 31 31 31 31 31 31 31 31 31 0 0 0 0 0 0 0 0 0 0 0 0 0 0 0 0 ] env[0 1 0 31 0 0 0 15] lfo[0 127 0 0 31 0 0 0 0]]

$@(DRM#055_SplashSymbal) = @ct8[0 0 5 [31 31 31 31 31 31 31 31 31 31 31 31 31 31 31 31 0 0 0 0 0 0 0 0 0 0 0 0 0 0 0 0 ] env[0 1 0 31 0 0 0 15] lfo[0 127 0 0 31 0 0 0 0]]

$@(DRM#056_Cowbell) = @ct8[0 0 5 [31 31 31 31 31 31 31 31 31 31 31 31 31 31 31 31 0 0 0 0 0 0 0 0 0 0 0 0 0 0 0 0 ] env[0 1 0 31 0 0 0 15] lfo[0 127 0 0 31 0 0 0 0]]

$@(DRM#057_CrashSymbal2) = @ct8[0 0 5 [31 31 31 31 31 31 31 31 31 31 31 31 31 31 31 31 0 0 0 0 0 0 0 0 0 0 0 0 0 0 0 0 ] env[0 1 0 31 0 0 0 15] lfo[0 127 0 0 31 0 0 0 0]]

$@(DRM#058_Vibraslap) = @ct8[0 0 5 [31 31 31 31 31 31 31 31 31 31 31 31 31 31 31 31 0 0 0 0 0 0 0 0 0 0 0 0 0 0 0 0 ] env[0 1 0 31 0 0 0 15] lfo[0 127 0 0 31 0 0 0 0]]

$@(DRM#059_RideSymbal2) = @ct8[0 0 5 [31 31 31 31 31 31 31 31 31 31 31 31 31 31 31 31 0 0 0 0 0 0 0 0 0 0 0 0 0 0 0 0 ] env[0 1 0 31 0 0 0 15] lfo[0 127 0 0 31 0 0 0 0]]

$@(DRM#060_HighBongo) = @ct8[0 0 5 [31 31 31 31 31 31 31 31 31 31 31 31 31 31 31 31 0 0 0 0 0 0 0 0 0 0 0 0 0 0 0 0 ] env[0 1 0 31 0 0 0 15] lfo[0 127 0 0 31 0 0 0 0]]

$@(DRM#061_LowBongo) = @ct8[0 0 5 [31 31 31 31 31 31 31 31 31 31 31 31 31 31 31 31 0 0 0 0 0 0 0 0 0 0 0 0 0 0 0 0 ] env[0 1 0 31 0 0 0 15] lfo[0 127 0 0 31 0 0 0 0]]

$@(DRM#062_MuteHighConga) = @ct8[0 0 5 [31 31 31 31 31 31 31 31 31 31 31 31 31 31 31 31 0 0 0 0 0 0 0 0 0 0 0 0 0 0 0 0 ] env[0 1 0 31 0 0 0 15] lfo[0 127 0 0 31 0 0 0 0]]

$@(DRM#063_OpenHighConga) = @ct8[0 0 5 [31 31 31 31 31 31 31 31 31 31 31 31 31 31 31 31 0 0 0 0 0 0 0 0 0 0 0 0 0 0 0 0 ] env[0 1 0 31 0 0 0 15] lfo[0 127 0 0 31 0 0 0 0]]

$@(DRM#064_LowConga) = @ct8[0 0 5 [31 31 31 31 31 31 31 31 31 31 31 31 31 31 31 31 0 0 0 0 0 0 0 0 0 0 0 0 0 0 0 0 ] env[0 1 0 31 0 0 0 15] lfo[0 127 0 0 31 0 0 0 0]]

$@(DRM#065_HighTimbale) = @ct8[0 0 5 [31 31 31 31 31 31 31 31 31 31 31 31 31 31 31 31 0 0 0 0 0 0 0 0 0 0 0 0 0 0 0 0 ] env[0 1 0 31 0 0 0 15] lfo[0 127 0 0 31 0 0 0 0]]

$@(DRM#066_LowTimbale) = @ct8[0 0 5 [31 31 31 31 31 31 31 31 31 31 31 31 31 31 31 31 0 0 0 0 0 0 0 0 0 0 0 0 0 0 0 0 ] env[0 1 0 31 0 0 0 15] lfo[0 127 0 0 31 0 0 0 0]]

$@(DRM#067_HighAgogo) = @ct8[0 0 5 [31 31 31 31 31 31 31 31 31 31 31 31 31 31 31 31 0 0 0 0 0 0 0 0 0 0 0 0 0 0 0 0 ] env[0 1 0 31 0 0 0 15] lfo[0 127 0 0 31 0 0 0 0]]

$@(DRM#068_LowAgogo) = @ct8[0 0 5 [31 31 31 31 31 31 31 31 31 31 31 31 31 31 31 31 0 0 0 0 0 0 0 0 0 0 0 0 0 0 0 0 ] env[0 1 0 31 0 0 0 15] lfo[0 127 0 0 31 0 0 0 0]]

$@(DRM#069_Cabasa) = @ct8[0 0 5 [31 31 31 31 31 31 31 31 31 31 31 31 31 31 31 31 0 0 0 0 0 0 0 0 0 0 0 0 0 0 0 0 ] env[0 1 0 31 0 0 0 15] lfo[0 127 0 0 31 0 0 0 0]]

$@(DRM#070_Maracas) = @ct8[0 0 5 [31 31 31 31 31 31 31 31 31 31 31 31 31 31 31 31 0 0 0 0 0 0 0 0 0 0 0 0 0 0 0 0 ] env[0 1 0 31 0 0 0 15] lfo[0 127 0 0 31 0 0 0 0]]

$@(DRM#071_ShortWhistle) = @ct8[0 0 5 [31 31 31 31 31 31 31 31 31 31 31 31 31 31 31 31 0 0 0 0 0 0 0 0 0 0 0 0 0 0 0 0 ] env[0 1 0 31 0 0 0 15] lfo[0 127 0 0 31 0 0 0 0]]

$@(DRM#072_LongWhistle) = @ct8[0 0 5 [31 31 31 31 31 31 31 31 31 31 31 31 31 31 31 31 0 0 0 0 0 0 0 0 0 0 0 0 0 0 0 0 ] env[0 1 0 31 0 0 0 15] lfo[0 127 0 0 31 0 0 0 0]]

$@(DRM#073_ShortGuiro) = @ct8[0 0 5 [31 31 31 31 31 31 31 31 31 31 31 31 31 31 31 31 0 0 0 0 0 0 0 0 0 0 0 0 0 0 0 0 ] env[0 1 0 31 0 0 0 15] lfo[0 127 0 0 31 0 0 0 0]]

$@(DRM#074_LongGuiro) = @ct8[0 0 5 [31 31 31 31 31 31 31 31 31 31 31 31 31 31 31 31 0 0 0 0 0 0 0 0 0 0 0 0 0 0 0 0 ] env[0 1 0 31 0 0 0 15] lfo[0 127 0 0 31 0 0 0 0]]

$@(DRM#075_Claves) = @ct8[0 0 5 [31 31 31 31 31 31 31 31 31 31 31 31 31 31 31 31 0 0 0 0 0 0 0 0 0 0 0 0 0 0 0 0 ] env[0 1 0 31 0 0 0 15] lfo[0 127 0 0 31 0 0 0 0]]

$@(DRM#076_HighWoodBlock) = @ct8[0 0 5 [31 31 31 31 31 31 31 31 31 31 31 31 31 31 31 31 0 0 0 0 0 0 0 0 0 0 0 0 0 0 0 0 ] env[0 1 0 31 0 0 0 15] lfo[0 127 0 0 31 0 0 0 0]]

$@(DRM#077_LowWoodBlock) = @ct8[0 0 5 [31 31 31 31 31 31 31 31 31 31 31 31 31 31 31 31 0 0 0 0 0 0 0 0 0 0 0 0 0 0 0 0 ] env[0 1 0 31 0 0 0 15] lfo[0 127 0 0 31 0 0 0 0]]

$@(DRM#078_CloseCuica) = @ct8[0 0 5 [31 31 31 31 31 31 31 31 31 31 31 31 31 31 31 31 0 0 0 0 0 0 0 0 0 0 0 0 0 0 0 0 ] env[0 1 0 31 0 0 0 15] lfo[0 127 0 0 31 0 0 0 0]]

$@(DRM#079_OpenCuica) = @ct8[0 0 5 [31 31 31 31 31 31 31 31 31 31 31 31 31 31 31 31 0 0 0 0 0 0 0 0 0 0 0 0 0 0 0 0 ] env[0 1 0 31 0 0 0 15] lfo[0 127 0 0 31 0 0 0 0]]

$@(DRM#080_MuteTriangle) = @ct8[0 0 5 [31 31 31 31 31 31 31 31 31 31 31 31 31 31 31 31 0 0 0 0 0 0 0 0 0 0 0 0 0 0 0 0 ] env[0 1 0 31 0 0 0 15] lfo[0 127 0 0 31 0 0 0 0]]

$@(DRM#081_OpenTriangle) = @ct8[0 0 5 [31 31 31 31 31 31 31 31 31 31 31 31 31 31 31 31 0 0 0 0 0 0 0 0 0 0 0 0 0 0 0 0 ] env[0 1 0 31 0 0 0 15] lfo[0 127 0 0 31 0 0 0 0]]
